114 136 106 39 111 48 114 132 72 11 60 81 30 73 89 
96 52 153 69 40 124 33 125 117 186 139 115 143 117 120 
112 152 128 88 7 108 58 95 77 115 100 134 158 58 75 
26 168 114 55 191 26 67 67 62 138 28 92 146 61 150 
95 97 96 100 117 166 97 158 138 144 87 122 78 110 62 
127 51 124 105 107 44 56 108 73 87 138 57 71 79 147 
111 28 98 141 133 154 122 147 24 98 9 66 38 114 175 
80 130 144 164 63 119 39 63 97 152 18 182 150 77 105 
26 113 73 24 82 105 180 146 146 68 129 105 91 95 88 
60 157 10 137 139 142 87 46 75 123 47 69 103 70 44 
145 139 48 18 147 85 103 109 102 62 5 124 86 104 98 
111 113 112 105 191 105 9 171 97 62 26 33 100 177 98 
93 130 106 79 77 46 118 163 149 35 32 98 52 37 110 
45 34 26 33 70 123 56 72 89 75 31 115 111 79 102 
126 103 78 103 115 150 121 117 140 47 90 115 58 53 153 
